Radix  1111 1111 1111 1111 1111 1111 1111 1111
Vname  IFM_0[[3:0]] IFM_1[[3:0]] IFM_2[[3:0]] IFM_3[[3:0]] INW_0[[3:0]] INW_1[[3:0]] INW_2[[3:0]] INW_3[[3:0]]
IO     iiii iiii iiii iiii iiii iiii iiii iiii
Tunit  ns 
Period 1
Trise  0.00
Tfall  0.00
Tdelay 0
Vih    0.7
Vil    0.0

0000 0000 0000 0000 0000 0000 0000 0100
0000 0000 1111 1111 0000 0000 1111 1011

0000 0000 0000 0000 0000 0000 0000 0100
0000 0011 1111 1111 0000 1100 1111 1011

0000 0000 0000 0000 0000 0000 0000 0100
0000 0111 0011 1111 0000 1010 1111 1011

0000 0000 0000 0000 0000 0000 0000 0100
1001 0111 0111 0111 1010 1010 1010 1011

0000 0000 0000 0000 0000 0000 0000 0100
0111 0111 0101 1000 1010 1100 1010 1010

0000 0000 0000 0000 0000 0000 0000 0100
1001 1001 1001 1001 1010 1010 1010 1010

0000 0000 0000 0000 0000 0000 0000 0100
1010 0011 1010 0011 1100 1010 1100 1010

0000 0000 0000 0000 0000 0000 0000 0100
1111 0111 0011 0001 1011 1011 1011 1011

0000 0000 0000 0000 0000 0000 0000 0100
1000 1000 1000 1000 1010 1010 1010 1010

0000 0000 0000 0000 0000 0000 0000 0100
0111 0111 0111 0111 1011 1011 1011 1011



0000 0000 0000 0000 0000 0000 0000 0100
1101 1011 0001 0010 1010 1111 1010 1010

0000 0000 0000 0000 0000 0000 0000 0100
1010 1010 0010 0100 1010 1100 1010 1010 

0000 0000 0000 0000 0000 0000 0000 0100
1111 1010 1001 1000 1010 1110 1010 1010 

0000 0000 0000 0000 0000 0000 0000 0100
1010 1010 1010 1001 1111 0101 1111 1010

0000 0000 0000 0000 0000 0000 0000 0100
1111 1111 0000 1010 1100 1100 1100 1010

0000 0000 0000 0000 0000 0000 0000 0100
1100 1010 1010 1010 1111 1110 0100 1011

0000 0000 0000 0000 0000 0000 0000 0100
1111 1111 1111 1111 0000 1010 1010 1010

0000 0000 0000 0000 0000 0000 0000 0100
0111 1010 0111 1010 1010 1111 1010 1010

0000 0000 0000 0000 0000 0000 0000 0100
1010 0111 1111 1111 1010 0000 1010 1010

0000 0000 0000 0000 0000 0000 0000 0100
1100 1100 0000 1010 1111 1111 1111 1011
