Radix 1111 1111
Vname A[3] A[2] A[1] A[0] B[3] B[2] B[1] B[0]
IO iiii iiii
Tunit ns
Trise 0
Tfall 0
Tdelay 0
Vih 0.7
Vil 0.0

0.0  0000 0000  
0.2  0000 0001  
0.4  0000 0010  
0.6  0000 0011  
0.8  0000 0100  
1.0  0000 0101  
1.2  0000 0110  
1.4  0000 0111  
1.6  0000 1000  
1.8  0000 1001  
2.0  0000 1010  
2.2  0000 1011  
2.4  0000 1100  
2.6  0000 1101  
2.8  0000 1110  
3.0  0000 1111  
3.2  0001 0000  
3.4  0001 0001  
3.6  0001 0010  
3.8  0001 0011  
4.0  0001 0100  
4.2  0001 0101  
4.4  0001 0110  
4.6  0001 0111  
4.8  0001 1000  
5.0  0001 1001  
5.2  0001 1010  
5.4  0001 1011  
5.6  0001 1100  
5.8  0001 1101  
6.0  0001 1110  
6.2  0001 1111  
6.4  0010 0000  
6.6  0010 0001  
6.8  0010 0010  
7.0  0010 0011  
7.2  0010 0100  
7.4  0010 0101  
7.6  0010 0110  
7.8  0010 0111  
8.0  0010 1000  
8.2  0010 1001  
8.4  0010 1010  
8.6  0010 1011  
8.8  0010 1100  
9.0  0010 1101  
9.2  0010 1110  
9.4  0010 1111  
9.6  0011 0000  
9.8  0011 0001  
10.0  0011 0010  
10.2  0011 0011  
10.4  0011 0100  
10.6  0011 0101  
10.8  0011 0110  
11.0  0011 0111  
11.2  0011 1000  
11.4  0011 1001  
11.6  0011 1010  
11.8  0011 1011  
12.0  0011 1100  
12.2  0011 1101  
12.4  0011 1110  
12.6  0011 1111  
12.8  0100 0000  
13.0  0100 0001  
13.2  0100 0010  
13.4  0100 0011  
13.6  0100 0100  
13.8  0100 0101  
14.0  0100 0110  
14.2  0100 0111  
14.4  0100 1000  
14.6  0100 1001  
14.8  0100 1010  
15.0  0100 1011  
15.2  0100 1100  
15.4  0100 1101  
15.6  0100 1110  
15.8  0100 1111  
16.0  0101 0000  
16.2  0101 0001  
16.4  0101 0010  
16.6  0101 0011  
16.8  0101 0100  
17.0  0101 0101  
17.2  0101 0110  
17.4  0101 0111  
17.6  0101 1000  
17.8  0101 1001  
18.0  0101 1010  
18.2  0101 1011  
18.4  0101 1100  
18.6  0101 1101  
18.8  0101 1110  
19.0  0101 1111  
19.2  0110 0000  
19.4  0110 0001  
19.6  0110 0010  
19.8  0110 0011  
20.0  0110 0100  
20.2  0110 0101  
20.4  0110 0110  
20.6  0110 0111  
20.8  0110 1000  
21.0  0110 1001  
21.2  0110 1010  
21.4  0110 1011  
21.6  0110 1100  
21.8  0110 1101  
22.0  0110 1110  
22.2  0110 1111  
22.4  0111 0000  
22.6  0111 0001  
22.8  0111 0010  
23.0  0111 0011  
23.2  0111 0100  
23.4  0111 0101  
23.6  0111 0110  
23.8  0111 0111  
24.0  0111 1000  
24.2  0111 1001  
24.4  0111 1010  
24.6  0111 1011  
24.8  0111 1100  
25.0  0111 1101  
25.2  0111 1110  
25.4  0111 1111  
25.6  1000 0000  
25.8  1000 0001  
26.0  1000 0010  
26.2  1000 0011  
26.4  1000 0100  
26.6  1000 0101  
26.8  1000 0110  
27.0  1000 0111  
27.2  1000 1000  
27.4  1000 1001  
27.6  1000 1010  
27.8  1000 1011  
28.0  1000 1100  
28.2  1000 1101  
28.4  1000 1110  
28.6  1000 1111  
28.8  1001 0000  
29.0  1001 0001  
29.2  1001 0010  
29.4  1001 0011  
29.6  1001 0100  
29.8  1001 0101  
30.0  1001 0110  
30.2  1001 0111  
30.4  1001 1000  
30.6  1001 1001  
30.8  1001 1010  
31.0  1001 1011  
31.2  1001 1100  
31.4  1001 1101  
31.6  1001 1110  
31.8  1001 1111  
32.0  1010 0000  
32.2  1010 0001  
32.4  1010 0010  
32.6  1010 0011  
32.8  1010 0100  
33.0  1010 0101  
33.2  1010 0110  
33.4  1010 0111  
33.6  1010 1000  
33.8  1010 1001  
34.0  1010 1010  
34.2  1010 1011  
34.4  1010 1100  
34.6  1010 1101  
34.8  1010 1110  
35.0  1010 1111  
35.2  1011 0000  
35.4  1011 0001  
35.6  1011 0010  
35.8  1011 0011  
36.0  1011 0100  
36.2  1011 0101  
36.4  1011 0110  
36.6  1011 0111  
36.8  1011 1000  
37.0  1011 1001  
37.2  1011 1010  
37.4  1011 1011  
37.6  1011 1100  
37.8  1011 1101  
38.0  1011 1110  
38.2  1011 1111  
38.4  1100 0000  
38.6  1100 0001  
38.8  1100 0010  
39.0  1100 0011  
39.2  1100 0100  
39.4  1100 0101  
39.6  1100 0110  
39.8  1100 0111  
40.0  1100 1000  
40.2  1100 1001  
40.4  1100 1010  
40.6  1100 1011  
40.8  1100 1100  
41.0  1100 1101  
41.2  1100 1110  
41.4  1100 1111  
41.6  1101 0000  
41.8  1101 0001  
42.0  1101 0010  
42.2  1101 0011  
42.4  1101 0100  
42.6  1101 0101  
42.8  1101 0110  
43.0  1101 0111  
43.2  1101 1000  
43.4  1101 1001  
43.6  1101 1010  
43.8  1101 1011  
44.0  1101 1100  
44.2  1101 1101  
44.4  1101 1110  
44.6  1101 1111  
44.8  1110 0000  
45.0  1110 0001  
45.2  1110 0010  
45.4  1110 0011  
45.6  1110 0100  
45.8  1110 0101  
46.0  1110 0110  
46.2  1110 0111  
46.4  1110 1000  
46.6  1110 1001  
46.8  1110 1010  
47.0  1110 1011  
47.2  1110 1100  
47.4  1110 1101  
47.6  1110 1110  
47.8  1110 1111  
48.0  1111 0000  
48.2  1111 0001  
48.4  1111 0010  
48.6  1111 0011  
48.8  1111 0100  
49.0  1111 0101  
49.2  1111 0110  
49.4  1111 0111  
49.6  1111 1000  
49.8  1111 1001  
50.0  1111 1010  
50.2  1111 1011  
50.4  1111 1100  
50.6  1111 1101  
50.8  1111 1110  
51.0  1111 1111  
